 year      auc  repair_ev_spearman  tail_score_spearman_all  tail_cond_spearman_success   n
 2024 0.776631            0.017235                 0.406651                    0.132451 825
 2025 0.746475            0.062875                 0.386802                    0.187834 776
 2026 0.758102            0.071681                 0.365472                    0.060130 545

TOP/BOTTOM QUINTILES
 year      score  q   n  rebreak  tpflip_mean  tpflip_med  runner_mean  tail_mean  tail_med  mfe_mean  post_rebreak_flip_mean
 2024  p_rebreak  1 165 0.115152    -0.039238   -0.017973    -0.101707   0.136123  0.000000  0.561922               -0.542493
 2024  p_rebreak  5 165 0.745455     0.008388    0.178884    -0.016225   1.165989  0.591687  1.432981               -0.033017
 2024  repair_ev  1 165 0.569697     0.007568    0.101095     0.153479   1.039512  0.082485  1.330007                0.256119
 2024  repair_ev  5 165 0.357576    -0.036973    0.071308    -0.064675   0.594013  0.000000  1.033988               -0.077471
 2024 tail_score  1 165 0.127273    -0.052144   -0.017973    -0.004881   0.254385  0.000000  0.649091                0.371349
 2024 tail_score  5 165 0.648485    -0.046353    0.174883    -0.079564   1.024223  0.538571  1.334766               -0.051214
 2025  p_rebreak  1 156 0.115385     0.014849    0.026375     0.119213   0.333853  0.000000  0.783144                0.904482
 2025  p_rebreak  5 155 0.722581    -0.016234    0.199614     0.103804   1.194014  0.684067  1.465715                0.166125
 2025  repair_ev  1 156 0.525641     0.010590    0.103631     0.044094   0.783851  0.032698  1.182434                0.063738
 2025  repair_ev  5 155 0.470968     0.052573    0.238677     0.071770   0.889572  0.000000  1.383599                0.040759
 2025 tail_score  1 156 0.102564    -0.004183    0.030648     0.071813   0.279870  0.000000  0.690867                0.740959
 2025 tail_score  5 155 0.677419    -0.000146    0.217970     0.163239   1.318944  0.535708  1.652428                0.241186
 2026  p_rebreak  1 109 0.119266    -0.075713   -0.011695     0.025591   0.373330  0.000000  0.798911                0.849397
 2026  p_rebreak  5 109 0.688073     0.001910    0.190014    -0.174650   0.771958  0.243172  1.052749               -0.256601
 2026  repair_ev  1 109 0.449541    -0.089274    0.072980    -0.051222   0.780452  0.000000  1.108613                0.084647
 2026  repair_ev  5 109 0.467890     0.031850    0.051746     0.156467   0.982567  0.000000  1.501531                0.266340
 2026 tail_score  1 109 0.119266    -0.091246   -0.011695     0.046923   0.404604  0.000000  0.789913                1.158490
 2026 tail_score  5 109 0.669725    -0.063076    0.218587    -0.046510   1.074146  0.421491  1.440489                0.024736

POLICY
 year      score policy  n_active  units  net_Rproxy  mean_per_unit  base_1unit  top3_n
 2024  repair_ev    013       452    838  -37.362916      -0.044586  -24.147881     193
 2024  repair_ev     13       825   1211  -39.259936      -0.032419  -24.147881     193
 2024 tail_score    013       473    997  -15.972335      -0.016020  -24.147881     262
 2024 tail_score     13       825   1349  -41.322284      -0.030632  -24.147881     262
 2025  repair_ev    013       335    613   24.468301       0.039916   16.857631     139
 2025  repair_ev     13       776   1054   37.654617       0.035725   16.857631     139
 2025 tail_score    013       372    776   -2.534840      -0.003267   16.857631     202
 2025 tail_score     13       776   1180    1.772369       0.001502   16.857631     202
 2026  repair_ev    013       218    392   24.563491       0.062662   -9.767155      87
 2026  repair_ev     13       545    719    4.667613       0.006492   -9.767155      87
 2026 tail_score    013       258    544   -8.742820      -0.016071   -9.767155     143
 2026 tail_score     13       545    831  -21.162396      -0.025466   -9.767155     143
